50147.94551740613
8 684 764
17 51 960
16 940 667
2 328 913
45 745 637
42 578 960
29 618 705
35 788 951
20 458 707
11 720 786
17 51 960
43 663 768
4 857 1071
30 146 147
35 788 951
9 430 671
10 889 857
40 523 792
31 786 487
46 657 840
1 446 621
36 830 921
19 350 636
3 1062 966
27 378 727
10 889 857
20 458 707
3 1062 966
19 350 636
36 830 921
9 430 671
25 1115 1116
14 249 548
25 1115 1116
14 249 548
5 755 884
1 446 621
34 712 897
45 745 637
40 523 792
12 927 780
7 477 798
22 860 571
18 627 831
26 569 400
28 732 942
13 592 535
39 752 977
6 606 627
4 857 1071
6 606 627
39 752 977
13 592 535
41 623 1150
15 788 383
32 578 960
38 794 411
32 578 960
38 794 411
42 578 960
31 786 487
33 578 900
44 820 556
23 456 896
44 820 556
33 578 900
37 686 420
28 732 942
26 569 400
46 657 840
15 788 383
41 623 1150
37 686 420
34 712 897
30 146 147
5 755 884
27 378 727
12 927 780
7 477 798
8 684 764
21 179 947
16 940 667
2 328 913
24 1012 473
23 456 896
22 860 571
18 627 831
29 618 705
11 720 786
21 179 947
24 1012 473
43 663 768
