50372.66212285658
8 684 764
17 51 960
16 940 667
21 179 947
22 860 571
23 456 896
24 1012 473
2 328 913
16 940 667
17 51 960
43 663 768
4 857 1071
30 146 147
5 755 884
20 458 707
11 720 786
40 523 792
45 745 637
18 627 831
31 786 487
42 578 960
38 794 411
32 578 960
15 788 383
41 623 1150
37 686 420
41 623 1150
37 686 420
34 712 897
1 446 621
36 830 921
19 350 636
3 1062 966
27 378 727
12 927 780
7 477 798
8 684 764
2 328 913
24 1012 473
23 456 896
44 820 556
33 578 900
44 820 556
33 578 900
31 786 487
42 578 960
38 794 411
32 578 960
15 788 383
46 657 840
26 569 400
28 732 942
6 606 627
35 788 951
9 430 671
10 889 857
27 378 727
12 927 780
7 477 798
11 720 786
20 458 707
36 830 921
29 618 705
39 752 977
13 592 535
28 732 942
13 592 535
39 752 977
29 618 705
35 788 951
9 430 671
10 889 857
40 523 792
45 745 637
46 657 840
6 606 627
4 857 1071
30 146 147
5 755 884
19 350 636
3 1062 966
14 249 548
25 1115 1116
14 249 548
25 1115 1116
1 446 621
34 712 897
26 569 400
18 627 831
22 860 571
21 179 947
43 663 768
