0 39420.0901401221 32751.426255257607 36172.34032885946
1 40219.48379395894 35818.77525660495 38086.024310491826
3 41107.17271221016 38560.87367153125 39646.32749012765
4 41220.852176089764 38863.880096859095 40099.3228815347
5 41607.7851421342 38965.242388918385 40572.2730719855
6 42113.938181648504 40322.9422420429 41121.53020890799
7 42122.446646396624 40251.84303453861 41431.645068091195
8 42920.81528496259 40551.80552654043 41766.01782141871
10 43033.210968601634 41315.338610787796 42442.33606650115
11 43356.4680447333 41283.04876406813 42691.05401800319
12 43366.05563194078 41617.202495261154 42688.272049900734
13 43445.1390152827 41811.90407568196 42920.46358982667
14 43713.42141178324 41792.804186352914 43095.581390788844
15 43744.320440337906 41797.165990987145 43061.064876908466
16 43877.365078497314 41546.54706335103 43338.839341081286
17 43983.45217845441 42604.486119527544 43450.15777481709
18 44183.07546824133 42697.86638783138 43616.91996985808
19 44223.092212132615 42779.18434581094 43741.56212961321
21 44744.68402059835 42635.33303843179 43961.302108626405
22 45189.15497408411 42237.011811994096 44034.54032686293
24 45196.79839969507 43178.713674144776 44634.04435096322
25 45325.586241324956 43094.675635609885 44824.55834513443
26 45434.76279060216 43303.408217101955 44918.180765660276
27 45477.998744261466 43660.35700503304 44974.39946379023
28 45573.41681997032 43179.40761073709 45011.24091231593
29 45645.378418812754 44292.506809914914 45198.188649027936
30 45823.715609254876 43844.064197774205 45136.34068493115
31 46065.32816495803 42781.07764604991 45259.08546589415
32 46148.814969433704 43284.56965038869 45453.64596998263
33 46220.36477322304 44891.60237084469 45604.50258117957
34 46227.08153952702 44487.17657716211 45696.13510190725
35 46468.43670196657 44642.77767256138 45775.28350959618
38 46481.50791474791 44379.62663966484 45912.34103648146
39 46828.8453685858 44538.37571189065 46030.883337627376
40 46830.33369097962 44874.58594114589 46160.50771869905
41 46857.537373364896 44378.596740318564 46311.48126162396
42 46972.67037182366 44999.22102253428 46526.90970963572
45 47043.91737759814 44788.24169037702 46533.63668279485
46 47194.53843884895 45083.251936795554 46428.425960328255
48 47288.12656653876 45309.8400820144 46640.33131035428
49 47350.522340251424 45411.142941426944 46692.706278722035
50 47572.48659562531 45270.11044058749 46825.30674599463
51 47800.862688687164 45336.933683681076 46847.74753204434
54 47809.03351848578 45907.64229196711 47439.80583754827
56 47875.923409904724 45840.83589352611 47402.74464076516
58 47911.21610748873 46058.45932882157 47448.62379783528
59 48026.66644558622 46311.640902585976 47585.19876197903
61 48160.55130665764 46538.65858869785 47565.431063084165
63 48206.22523444465 46916.60378806466 47865.52276264832
65 48255.22052607504 46386.213645997406 47729.31986428924
66 48259.204252498435 46616.30244445978 47860.00882992152
68 48338.251999816894 46481.992496308296 47788.35700712377
70 48396.0426348723 46053.171095334124 47755.44524369534
73 48421.48975564765 46297.85505424534 47849.23080246817
76 48466.750466659985 46434.766287942904 47904.45204732586
79 48476.990462224516 46717.13621416021 48048.24990867734
80 48507.31503973782 46480.568210569814 47990.616746718995
81 48554.49688446716 47357.21195249214 48128.928097564465
82 48646.07148804708 46687.257610512854 48110.780706384874
84 48724.51745770626 46573.35025142888 48104.72411897499
85 48749.830458476965 46507.53815152122 48089.061578681765
90 48807.98120481417 47189.068116193055 48354.37530410597
92 48823.32718078155 47205.376816471624 48405.29091348473
95 48857.70219668242 47046.09562682131 48353.8046964688
96 48967.8244088138 46445.881924294714 48371.53449480386
97 49037.32091519418 46825.78875201352 48377.67852126208
100 49118.55753868516 47086.629587668955 48575.0253360607
101 49186.60660030586 47633.670259118066 48625.413223612035
103 49203.550805387065 47183.048243928766 48503.97972051696
104 49211.35503509119 47012.40736109135 48721.770499453785
108 49218.43948779257 47545.13020139016 48804.45731826236
109 49269.87673983374 46994.71656603168 48720.14265936843
110 49271.33932805709 47408.95291038305 48788.484832501126
113 49295.09220259912 47313.402832344465 48741.773309498734
115 49317.44508636014 47603.9568735971 48824.17326384527
119 49344.44152263344 47208.66139844012 48848.264755155265
121 49356.11482907385 47908.01314587491 48958.16080852934
123 49378.0874387401 47956.23799042756 48941.48794158485
124 49407.90679708288 47444.310550364404 48835.925120860506
128 49413.619959367425 47538.713290725806 48947.8180306448
129 49413.6962488168 47661.65442016191 49023.8013728769
130 49416.66157418534 47252.07847533394 48883.37560414457
131 49422.26352360699 47655.18934496268 48959.260914467006
133 49424.65284091886 47259.95804874344 48860.72930618782
135 49446.93782606327 47769.075495837045 49032.25001109002
137 49452.468465502236 47911.53508777475 48969.022382847135
138 49488.77270884842 47568.1575414463 48918.956078739444
149 49536.270203856264 47789.15510787507 49052.899296513984
155 49565.095441590594 46757.50009173739 48994.490306259075
161 49566.430897489365 47624.586564004996 49026.95620304129
163 49567.749286060745 47770.935834054944 49131.241409356706
165 49573.70133105707 47531.38843703005 49167.189997736095
173 49587.403397569346 47846.37233606336 49133.47460438584
175 49587.71370078846 46875.5394634367 48939.86195026125
176 49604.489306006784 47781.01844634782 49098.69611472244
178 49630.602420628595 47748.711011968684 48988.50299679465
181 49663.642315054414 47988.27585122701 49242.93328836025
191 49674.89636905498 47943.97859090446 49151.270377854846
203 49679.41168817624 47958.36526300412 49282.04163817121
205 49688.06467939034 47917.47886909642 49244.668261313906
206 49704.38114865069 46968.96721639744 49179.06067938653
211 49704.52089012678 48232.71945710683 49320.28652125916
212 49738.05732561294 47834.67924349461 49261.53013273682
214 49744.05904503377 47812.70934269563 49225.84523887074
220 49744.92822997221 47656.666826551176 49185.74687650503
224 49752.58043601142 47886.24933754613 49338.66235952107
226 49759.89244315027 47837.48504260415 49184.42990778414
235 49760.10228289079 47977.700410821766 49292.58871735367
236 49769.33755696922 48060.002989833854 49371.37303543214
240 49793.55254078825 48059.58905406722 49249.75962422483
248 49794.916185565016 47959.566408099374 49383.9870945175
251 49800.32755942348 48133.6777841764 49392.49664042778
256 49809.84278248027 47973.64677775682 49390.08309431768
260 49810.70210956115 47776.933930815074 49242.507369139494
264 49834.52179187412 48412.41072150139 49497.569875948335
271 49839.455228521016 47693.78482790682 49280.9279977392
275 49844.77562950533 48010.84184234267 49361.499075473854
277 49857.65928223811 48140.53980027955 49442.05039103971
278 49858.97301350962 47944.765405262755 49397.92493678762
287 49868.808239147205 48007.85540106122 49320.467674453634
293 49872.808860811645 48077.90227978623 49368.04380577172
297 49874.2884256692 47741.19753075932 49385.96350066161
301 49878.66447109171 48011.35064691034 49423.886304923806
302 49883.59790773862 48287.65963220106 49481.55235790194
303 49884.10547348766 47129.816259319225 49441.952172326666
304 49889.399937290174 48310.48395800277 49490.44566288675
308 49889.815378038635 48076.723347437626 49462.21027390141
309 49890.3209320029 47980.45687511915 49445.17595621674
310 49898.00573866564 48421.09233505864 49499.8318528322
314 49899.23516292778 48089.72389069762 49379.18446848956
320 49900.957195179806 47635.10909012538 49445.39180246232
323 49911.21103281102 47945.53629148858 49469.2749036935
327 49912.47382366923 48323.32913106852 49473.547283477106
328 49914.06240035056 47199.537951647326 49313.90056604417
329 49916.62475968483 47957.994031352006 49457.116874781925
333 49923.408579018535 47143.37739326474 49538.454705749704
334 49924.603733436066 47144.20458343906 49350.684598202344
338 49930.778080339325 48567.16471104757 49453.54822311857
347 49931.33932203588 48453.951326830975 49449.51393216013
348 49932.87151315437 48093.454511731936 49423.00660129739
354 49934.39662861471 47790.48621334015 49485.41922573392
363 49934.716348545124 47847.08816884116 49437.62138585835
367 49935.56114923033 48186.674520440865 49441.82506362911
371 49945.5236516096 47530.36181928258 49523.281924937946
373 49964.340646833065 46947.10611019242 49407.28270655826
381 49966.54106888676 48344.70588466071 49528.64130424418
386 49972.77298399194 48230.235917272825 49508.28597666699
387 49975.01036016815 48374.42098806226 49611.59038931863
393 49979.45577577861 48494.2531186355 49548.9285495386
405 49983.01226628687 48184.93448112593 49551.80091702099
409 49992.416823170846 48427.702179184234 49507.093708671375
416 49992.647674740045 48213.89356450048 49642.44367822553
422 49993.154443574 48214.04823171066 49536.904739036596
428 49993.240189614226 47126.90557612106 49623.88362792924
430 49996.60010167421 48404.10835683119 49510.61477219728
432 49996.6760368499 48204.539854594834 49497.402834168824
436 50001.73359789771 48265.29587477553 49525.15611523189
437 50008.93025613152 47294.54803362425 49512.84703141096
444 50012.935914550304 48364.8487001237 49486.03828847252
447 50020.52568507696 48124.7702422567 49440.162866210456
454 50022.46739392307 47147.19381593132 49506.62694005892
457 50025.66308817008 48316.08468312784 49482.20478050481
468 50026.47671609704 48264.596406858116 49667.947052475894
471 50028.3043236321 48318.33090502927 49530.545884229534
477 50034.016398938846 48082.153042859914 49604.12065146329
484 50037.32068865146 48292.06123453408 49545.79605598454
485 50040.51638289847 48244.35901073572 49611.16338909378
511 50041.33974934186 47831.37991955518 49474.63576051579
523 50043.09117998554 47414.52624246844 49426.68936614363
526 50048.86356270527 48555.06307350738 49614.6593147069
536 50049.25868878118 48329.18619499705 49642.98497515088
542 50049.95210431738 47697.423647348696 49529.795154511405
553 50049.95210431739 47871.52358831757 49548.53214248565
559 50051.49339603934 47876.072499203234 49608.32731926904
568 50052.44652816089 48399.60719243019 49603.42232097014
570 50053.60171054164 48162.71337388254 49597.61445404828
572 50053.87512870113 48055.94067796232 49620.17098568513
584 50064.77289641979 47562.411518169014 49528.70906220324
604 50066.168731282625 47866.60680131907 49665.781320447924
608 50066.52271297503 48408.435926449034 49720.57705507607
613 50067.066873219024 48109.48141276422 49632.718909874
623 50073.050576515874 48017.20424804799 49582.36479199315
635 50076.06510766091 48421.17492344742 49539.348723319716
650 50081.93069732329 48424.5246835165 49699.700558861114
672 50087.76451731766 48432.563104103196 49712.83480568038
691 50088.75046911294 48842.45894528781 49750.54555255917
704 50089.78936573058 47521.110334475656 49556.23686879947
714 50091.65775092669 48179.32042677564 49681.480005333135
730 50095.03662088569 47460.87909984628 49681.07007237466
735 50096.07030485991 47430.52937449595 49587.39990751671
743 50097.11459180714 48171.07393398945 49556.73322665203
781 50097.48306686235 48598.75261833523 49720.31340857406
783 50098.24433206741 48130.231651681344 49493.60827251498
802 50100.34358452994 47497.34553519855 49673.68694070817
819 50101.07888269935 48346.43423163887 49719.07600395075
821 50101.484175161924 48243.63321100759 49495.50789206763
822 50103.42528631956 47836.68435018644 49536.81255681088
836 50104.95071772007 48534.32234960531 49560.75115349208
864 50106.205159274294 47045.0456812457 49592.475280275765
895 50107.14130153462 48784.33839246824 49747.97890804322
922 50107.27745822843 47937.476209090026 49577.31985774755
926 50111.22388417143 48382.312281067185 49590.61128079628
949 50111.49690123144 47397.74695443301 49527.749667295364
977 50114.62702922973 48451.52595216183 49618.8872043188
1005 50114.802075975516 48636.72014921336 49619.23555310657
1021 50123.45475614471 48383.175745753215 49503.48430053009
1041 50124.58887599547 47915.81665324305 49582.26447013909
1052 50124.72503268927 48404.24450433176 49757.32772574511
1060 50125.32442863133 48665.49062086597 49621.465390246136
1064 50129.66322001332 48265.832299650545 49637.14037841318
1117 50130.26261595539 48282.70225251057 49647.923138051025
1147 50132.117073178495 48388.748766303936 49618.09483725758
1153 50138.58280895479 48671.12890103781 49721.112504576406
1188 50138.75524379626 47930.534804124094 49713.384494017184
1219 50138.83908225777 48343.2142525542 49617.50499383514
1235 50138.8525737959 48555.66658688557 49686.551172116735
1256 50140.69353948088 47860.42368464981 49594.494476166234
1284 50140.73659402504 48434.52047711225 49711.56385651847
1320 50141.99859286735 48375.91882208022 49660.31517975765
1347 50142.012084405476 48338.46537377938 49625.85284346991
1379 50142.04926051453 47345.81993330948 49618.048792508875
1424 50142.21816863964 48485.93348450658 49740.92248184795
1542 50142.77126878291 47343.704576569784 49624.09772494522
